27_02_19_6_12_19_R1	27_02_19_6_12_19_R2	27_02_19_6_12_19_R3	27_02_19_6_29_19_R2	27_02_19_6_29_19_R3	27_02_19_7_18_19_R1	27_02_19_7_18_19_R2	27_02_19_7_18_19_R3	27_03_08_6_12_19_R1	27_03_08_6_12_19_R2	27_03_08_6_12_19_R3	27_03_08_6_29_19_R2	27_03_08_6_29_19_R3	27_03_08_7_18_19_R1	27_03_08_7_18_19_R2	27_03_08_7_18_19_R3	27_03_25_6_12_19_R1	27_03_25_6_12_19_R2	27_03_25_6_12_19_R3	27_03_25_6_29_19_R2	27_03_25_6_29_19_R3	27_03_25_7_18_19_R1	27_03_25_7_18_19_R2	27_03_25_7_18_19_R3	27_03_46_6_12_19_R1	27_03_46_6_12_19_R2	27_03_46_6_12_19_R3	27_03_46_6_29_19_R2	27_03_46_7_18_19_R1	27_03_46_7_18_19_R2	27_03_46_7_18_19_R3	27_04_12_6_12_19_R1	27_04_12_6_12_19_R2	27_04_12_6_12_19_R3	27_04_12_6_29_19_R2	27_04_12_6_29_19_R3	27_04_12_7_18_19_R1	27_04_12_7_18_19_R2	27_04_12_7_18_19_R3	27_04_34_6_12_19_R1	27_04_34_6_12_19_R3	27_04_34_6_29_19_R2	27_04_34_6_29_19_R3	27_04_34_7_18_19_R1	27_04_34_7_18_19_R2	27_04_34_7_18_19_R3
Pcer_003060	0.242355917895681	0	0.0836832299702941	0.933461715520616	0.207833634619023	0.0687599932283723	0.92115938995173	0	0.998133441549997	0.976418851080675	0.971783798383223	0.166309452489805	0.28981748351983	0.590056070022946	0.964986781510142	0.250330522196711	0.957711158078527	0	0.137835888863233	0.253126471657693	0.187688750602263	0.882219211623823	0.267565330845267	0.918877676143498	0.167976185705873	0.457308398739851	0.979488294494079	0.125374884890716	0	0.15570480157699	0	0.926292880301566	0	0.287510137678013	0.926919474474927	0.0843342923139893	0.83601906742161	0.275746333059281	0.90282878109682	0.98160864054817	1	0.932655687662263	0	0.915733781470766	0.899608365074602	0
Pcer_003800	0	0	0	0.0313488504398182	0	0	0	0	0	0	0	1	0	0	0	0	0.0147419692876949	0.00309937224487704	0	0	0	0	0	0	0	0	0	0	0	0	0	0	0.0413498952684558	0	0	0	0	0	0	0	0	0.0262895668765594	0	0	0.0243725523396878	0
Pcer_005141	0.142833485646897	0.267217640425845	0.490150395860352	0.105188125816355	0.654499088309462	0.359115689445255	0.0620787992055957	0.0519133258810529	0.363045842071147	0.125950909466846	0.239699357019537	0.313563530061932	0.294866766418918	0.111551171671399	0.343059255069792	0.00816150810836202	0.0486216915004519	0	0.158672997313596	0.0166102817722235	0.158608250968617	0.19459296759262	0.431247598168246	0.349409213892175	0.122830808486291	0.567843869264446	0.298431803513728	1	0.288371056560179	0.306115652265947	0.0393493221966547	0.0460397699634074	0.0173017389219312	0.265985555543074	0.24508087823786	0.349950910079748	0.0429149055994593	0.149436453924381	0.172512796351695	0.0835183364784734	0.401973585389919	0.0268227457163273	0.208233636032381	0.207773836913169	0.155784764707757	0.112295037198462
Pcer_005193	0	0	0	0.923129650034308	0	0	0	0	0	0.821593538995207	0	0	0	0	0	0	0	0	0	0	0	0	0	0.95131306774175	0.883633188431335	0.833286163044891	0	0	0	0.938306323171687	0	0	0	0	0	0	0	0	0	0	0	0	0	0	0	1
Pcer_016662	0	0	0.745978064555054	0	1	0	0	0	0	0	0.587035337285431	0	0	0	0	0	0	0	0	0	0	0.947510309061924	0.213299017094636	0.215511089633419	0.400517359816443	0	0	0	0.974579033425684	0	0	0	0	0	0	0	0	0	0	0.656456533452896	0	0	0	0	0	0
Pcer_016708	0.351651912187665	0	0	0	0.76757544293333	0	0	0	0	0	0	0	0	0	0	0	0	0	0	0	0	0	0	0	0	0	0	0	1	0	0	0	0	0	0	0	0	0	0	0.813279373134276	0	0	0	0	0	0
Pcer_017476	0.734737977671979	0.783409153605748	0.764809545482976	0.809474446575531	0.68858545290267	0.758594089013826	0.729339942207606	0	0.598958873815552	0.868177441156617	0.647551487102946	0.775999465970467	0.893316177398771	0.855679165762756	0.660702547172244	0.847852272610691	0.49581546476456	0.450234685554375	0.584887122214638	0.754031962995391	0.729673918131005	0.555521957691149	0.763995178953051	0.688334073537832	0.786972383854749	0.743810723161256	0.743046790944483	0.809829947139101	0.832995974229156	0.807138366664001	0.824103212515301	0.933410296362907	0.860322163762853	0.99037691403455	0.754829103186899	0	0	0.9398291703306	0.752055617126791	0.678271889502502	0.692190604062843	0.824026525703698	0.819277388212422	0.979649218957959	1	0.842838929436367
Pcer_018085	0.69554108315686	0.768020114307068	0.779972947015328	0.839590690050207	0.780235366629011	0.68773420231246	0.73902959878436	0.690940103000264	0.664693880138633	0.593526464183914	0.76283303250063	0.612013120683509	0.781354999041151	0.696656967337494	0.7055875575265	0.76782110148852	0.897025543300173	0.909770855519535	1	0.825757613616411	0.86406924095236	0.77164235263891	0.685671962548237	0.761977137561022	0.842737116311221	0	0.692259722894087	0.882039001611718	0.693676593314392	0.692055394083662	0.677265711275681	0.78166456811761	0.728835585331436	0.873325326874347	0	0.943610163420974	0.751735713730847	0.79805186267322	0.750508762328655	0.664493076097554	0.800772890765742	0.854070573136243	0.752464184529522	0.696643531137773	0.770731847148618	0.760713252995771
Pcer_018706	0.212122065328864	0.258209822090432	0.352300961331265	1	0.254220571932354	0.325350297832094	0.352601898436016	0.532910602231013	0.12223378790489	0.104578760084819	0.284146874467327	0.14306617553498	0.250625426691034	0.151216316797455	0.262434307648455	0.176587777716267	0.313521711563342	0.285810873711236	0.341326978373882	0.0870125291179055	0.106819290616808	0.261928665237793	0.225711192205732	0.156602352724862	0.182066432467265	0.220241335818312	0.0599809444202277	0.0789130039209809	0.233525134273967	0.372470772733056	0.342401248903267	0.0697355957529652	0.237477633912752	0.0463327304020412	0.496419401584486	0.329047266169098	0.224904362461565	0.330952347769213	0	0.0318305054094866	0.220562732502377	0.133009375036117	0.086539962351633	0.113806436365726	0.261297849716351	0.335533924101759
Pcer_023267	0.123893925700407	0.217744783246763	0.119239891075471	0.423947725736516	0.517415840910592	0.136898327910073	0.256316284704334	0.304390691235792	0.297619201009001	0.390650795932105	0.272201370145376	0.267443252457552	0.561303194855607	0.36133913307566	0.172515877087242	0.179575200612338	0.142914813176298	0.0542543746896081	0.104289873649998	0.198210128006945	0.345200102290518	0.55148675277064	0.254716745756652	0.141778463710884	0.257356847978465	1	0.244236927031286	0.195689427376546	0	0.193864959256662	0.222964408231896	0.326411037255203	0.339810269635356	0.104846521865705	0.33197539843558	0.479297673168013	0.317286701330048	0.16368743461693	0.493488758625227	0.16011386297217	0.34423168270898	0.395902489825311	0.285824719737353	0.651373166558876	0.3278378350842	0.475446173896496
Pcer_037741	0.388274593651796	0.274622135100887	0.637607295643382	0.257298415696434	0.212477249083883	0.093958692819392	0.117822165174472	0.130576161419131	0.33935001192198	0.20586846544907	0.421028532459174	0.0839506866849338	0.210004427291972	0.201016643640571	0.255686169535462	0.322223256072265	0.121212535838415	0.128642943986285	0.0859182438239362	0.18931862515409	0.395206505415769	0.0881542930918728	0.322629408770106	0.221276601505139	0.132534606712637	0.123848057037333	0.0999347494748548	0.0801678923207629	0.16975874110198	0.0986504077780257	0.527953904889171	0.0514518819958612	0.226376972590109	0.203842565176953	0.646129258929276	0.336578865394508	0.220787033602051	0	0.0437107050510548	1	0.46393171766525	0.244513356192837	0.131020571504714	0.753113722874762	0.457883506695004	0.128566075428225
Pcer_038306	0	0.749414396606497	0.854850840806015	0.784211457512544	0	0.78022902624512	0.890225100329383	0.793620426849616	0.95575178468329	0	0.827386756473977	0.969260438336359	0.876821112984109	0	0.933269384829688	0	0.661447157922201	0.698571442452302	0.575103653877308	0.732496279105702	0.573477088897431	0.448739734174915	0.820538826805741	0.634002944485817	0	0.755528622339417	0	0.813090206553525	0.801689831382682	0	0.910975034006034	0.959972060433844	0.878404984032491	0	0	0	0	1	0.889003952533654	0.690848266233038	0.665858904052299	0.6909188026333	0.71739601008392	0	0.881321935480306	0.788408251016815
Pcer_053764	0	0	0	0	0.804179234770237	0	0	0	0	0	0	0	0	0	0	0	0	0	0	0.943574489614311	0.860839114634446	0	0	0	0.931700250388693	0	0	0	0	0	1	0	0	0	0	0	0	0	0	0	0	0	0	0	0	0
Pcer_063034	0.467600286070748	0.29856024295937	0	0.282483419946401	0.593347438712476	0.526789460879557	0.71743906350424	0.204022705862418	0.239982885126369	0.134903487601536	0.472949279951663	0.705067492459694	0.424352052895203	0.259435613747205	0.0438189513300822	0.82343645099258	0.509213015385764	0.370701805508314	0.359147794830366	0.658322778256823	0.715854284514635	0.0784653831912772	0.33022790354863	0.132533407931098	0.371848233413434	0.536019747062515	0.34822032108312	0.325433357001015	0.427302583834561	0.43054922814476	0.724932382805408	0.625852757254018	0.207536382631202	0.362253434376908	1	0.199254920210725	0.645700849918673	0.252368360768331	0.753286218938356	0.395451536777687	0.647358090218101	0.927975654908451	0.837216527589778	0.723584697287931	0.272510935835471	0.631256985388318
Pcer_074444	0.871912226159294	0.928453868007446	0.892933812168301	0.805138216294678	0	0.917779571417242	0.908304502007686	0.924709313616796	0.918652647093602	0.88748187083504	0	0.894952034141442	0	0.964106591737888	0.963426280089877	0.948353025203453	0.890035795322674	0.960468476190908	0.968670184660331	0.92734513936189	0	0.970964642380333	0.96565863935478	1	0.903868376263328	0.88941033390814	0	0.846975542572005	0.855307404902749	0.905399268670126	0	0.899549952133875	0.85453389184438	0.941189239612275	0.867595446207715	0.830725555359018	0.866618090341895	0.940840371288927	0.98467539094058	0.906702587267662	0.955500067208403	0.913916440318313	0.877249640551945	0.888916678637887	0.957438649429161	0
Pcer_074717	0.468319436201535	0.356266901845314	0.863095440167181	0.285395777182564	0.3112518633312	0.947572259553062	0.500634550786149	0.495299750747118	0.725818455403878	0.714691839858671	0.88250035566952	0.61933854243432	0.451028460793558	0.219535864702471	0.448132669231205	0.643656960300538	0.710040686665876	0.468198573391589	0.713359324525112	0.493611157419002	0.448100162957875	0.504582592881018	0.57416880378666	0.435249967510295	0.622229691684921	0.865223196531698	0.66934937153832	0.611063658753293	0.610442576773711	0.516580869020653	0.596252710279188	0.720798713102126	0.273534927139427	0.893788439288083	0.427432546741136	0.122290514129921	0.739962668264391	0.979824936360783	1	0.772892845693305	0.877146581590711	0.178788228836672	0	0.663152889222157	0.521007617938806	0.401864222641087
Pcer_075791	0.640253770246662	0.549375853886297	0.510657720512331	0.456825004442816	0.536487587447194	0.547882924834791	0.660442725118767	0.569820950369334	0.873560462610543	1	0.856677513061098	0.170615425895923	0.739643941866492	0.0603848621996153	0.609258801065018	0.508029796707098	0.710747925584846	0.663458437972325	0.560042017295149	0.709618051125878	0.586462428511868	0.199815310100079	0.724453420459993	0.134216698443652	0.207833086081877	0.0522704380224634	0.366150212070382	0.606783049770918	0.788049969715563	0.675266935368811	0.106346955843704	0.58766514636818	0.925902874619695	0.740676521922484	0.649675514834623	0.634745257358933	0.748442270739925	0.139181605454169	0.603945281286331	0	0.6274080498664	0.512195664797225	0.145242356128907	0.851527302723389	0.572226915815636	0.772625556600724
Pcer_095003	0.305762501178706	0.35087905704266	0.160437388098883	0.653392239219976	0.411454947120401	0.332483462194456	0.43783013529012	0.370351503187067	0.246593708816821	0.327208171407733	0.623479302653	0.244231580104166	0.289659332157891	0.282845841531151	0.427701051036212	0.221581611157657	0.27066017437426	0.889604125505346	0.529453638076918	0.622494708735537	0.503477821952523	1	0.358236247290947	0.600772957504287	0.13429751386963	0	0.711694599311917	0.402923665930424	0.287364283098494	0.359731807875141	0.141585474613786	0.388406463483296	0.643310256288953	0.835721229665075	0.570110481961204	0.513239698167308	0.253130575999595	0.113797620625006	0.247747646697928	0.443883871066221	0.407467463573185	0.277814187862713	0.242005415638118	0.422212852582624	0.177719563696062	0.328065805417835
